-1.0000000000000000
-0.9797979797979798
-0.9595959595959596
-0.9393939393939394
-0.9191919191919192
-0.8989898989898990
-0.8787878787878788
-0.8585858585858586
-0.8383838383838383
-0.8181818181818181
-0.7979797979797980
-0.7777777777777778
-0.7575757575757576
-0.7373737373737373
-0.7171717171717171
-0.6969696969696970
-0.6767676767676767
-0.6565656565656566
-0.6363636363636364
-0.6161616161616161
-0.5959595959595959
-0.5757575757575757
-0.5555555555555556
-0.5353535353535352
-0.5151515151515151
-0.4949494949494949
-0.4747474747474747
-0.4545454545454545
-0.4343434343434343
-0.4141414141414141
-0.3939393939393939
-0.3737373737373737
-0.3535353535353535
-0.3333333333333333
-0.3131313131313130
-0.2929292929292928
-0.2727272727272727
-0.2525252525252525
-0.2323232323232323
-0.2121212121212120
-0.1919191919191918
-0.1717171717171716
-0.1515151515151515
-0.1313131313131313
-0.1111111111111110
-0.0909090909090908
-0.0707070707070706
-0.0505050505050504
-0.0303030303030303
-0.0101010101010101
0.0101010101010102
0.0303030303030305
0.0505050505050506
0.0707070707070707
0.0909090909090911
0.1111111111111112
0.1313131313131315
0.1515151515151516
0.1717171717171717
0.1919191919191920
0.2121212121212122
0.2323232323232325
0.2525252525252526
0.2727272727272729
0.2929292929292930
0.3131313131313131
0.3333333333333335
0.3535353535353536
0.3737373737373739
0.3939393939393940
0.4141414141414144
0.4343434343434345
0.4545454545454546
0.4747474747474749
0.4949494949494950
0.5151515151515154
0.5353535353535355
0.5555555555555556
0.5757575757575759
0.5959595959595960
0.6161616161616164
0.6363636363636365
0.6565656565656568
0.6767676767676769
0.6969696969696970
0.7171717171717173
0.7373737373737375
0.7575757575757578
0.7777777777777779
0.7979797979797982
0.8181818181818183
0.8383838383838385
0.8585858585858588
0.8787878787878789
0.8989898989898992
0.9191919191919193
0.9393939393939394
0.9595959595959598
0.9797979797979799
1.0000000000000000
2.4788027000286772
1.9510591172947938
1.4043104619144389
0.8605081180180842
0.3406156051676593
-0.1361962964324244
-0.5532503729194748
-0.8969356607589287
-1.1571340057249087
-1.3274891099346957
-1.4055134723478084
-1.3925353365018038
-1.2934941168752971
-1.1165985400750778
-0.8728667004213890
-0.5755712233631440
-0.2396156320916405
0.1191302508561487
0.4845074880615360
0.8407300358645313
1.1730055256042460
1.4680914573090109
1.7147669710168907
1.9042045451911187
2.0302306203783633
2.0894690537949718
2.0813662690890151
2.0081017734616773
1.8743921840368916
1.6872008702859891
1.4553686398054846
1.1891834626462470
0.8999089711187719
0.5992923501457041
0.2990722466412630
0.0105065087706615
-0.2560620168935488
-0.4915856563205718
-0.6886248809557154
-0.8415841432781271
-0.9468641347623763
-1.0029276458890588
-1.0102797979201168
-0.9713668330742415
-0.8904007627976066
-0.7731198697257116
-0.6264972456550878
-0.4584111575141293
-0.2772920239854758
-0.0917611417158014
0.0897239672707317
0.2592035708056823
0.4095164741889659
0.5345567094126137
0.6294775763216420
0.6908369057929015
0.7166800241555873
0.7065595456479999
0.6614936975911204
0.5838672901340176
0.4772815887360827
0.3463611569157516
0.1965271497123076
0.0337475135910033
-0.1357249357629071
-0.3056155327333657
-0.4698812455258832
-0.6229447967022603
-0.7599007615446705
-0.8766864563539233
-0.9702121309779627
-1.0384468355080421
-1.0804582593872278
-1.0964067616373319
-1.0874956465190682
-1.0558814191542987
-1.0045492189666558
-0.9371598249123039
-0.8578755178017023
-0.7711726477400868
-0.6816489791957684
-0.5938337767978143
-0.5120081692943079
-0.4400426168305845
-0.3812573478585021
-0.3383104749305300
-0.3131171977981433
-0.3068021156878253
-0.3196852575864037
-0.3513010577688501
-0.4004482080241982
-0.4652671568486157
-0.5433410406986940
-0.6318150559262143
-0.7275287352444176
-0.8271552922625454
-0.9273421441807577
-1.0248469085372114
-1.1166635779892946
-1.2001341822594487
